 uid  | priceline_area_id | city_id 
------+-------------------+---------
    1 |                 7 |      48
    2 |                 8 |     108
    3 |                 9 |     127
    4 |                10 |      10
    5 |                11 |      12
    6 |                 7 |      16
    7 |                12 |      19
    8 |                13 |      34
    9 |                12 |      38
   10 |                12 |      42
   11 |                14 |      44
   12 |                10 |      49
   13 |                13 |      51
   14 |                11 |      54
   15 |                15 |      55
   16 |                 7 |      69
   17 |                16 |      70
   18 |                16 |      79
   19 |                17 |      80
   20 |                18 |      82
   21 |                19 |      84
   22 |                17 |      86
   23 |                17 |      87
   24 |                19 |      90
   25 |                20 |      91
   26 |                17 |      93
   27 |                17 |      94
   28 |                17 |      96
   29 |                17 |      97
   30 |                17 |      99
   31 |                21 |     105
   32 |                17 |     106
   33 |                17 |     107
   34 |                17 |     111
   35 |                21 |     112
   36 |                17 |     114
   37 |                17 |     115
   38 |                19 |     117
   39 |                19 |     118
   40 |                17 |     121
   41 |                20 |     122
   42 |                18 |     124
   43 |                17 |     125
   44 |                17 |     126
   45 |                22 |     130
   46 |                23 |     134
   47 |                17 |     136
   48 |                24 |     141
   49 |                24 |     151
   50 |                25 |     161
   51 |                25 |     170
   52 |                24 |     175
   53 |                24 |     179
   54 |                26 |     181
   55 |                27 |     187
   56 |                28 |     188
   57 |                29 |     189
   58 |                30 |     191
   59 |                31 |     192
   60 |                29 |     193
   61 |                32 |     198
   62 |                33 |     200
   63 |                29 |     201
   64 |                33 |     202
   65 |                32 |     205
   66 |                32 |     209
   67 |                34 |     210
   68 |                31 |     212
   69 |                28 |     213
   70 |                35 |     214
   71 |                29 |     219
   72 |                34 |     220
   73 |                36 |     221
   74 |                29 |     222
   75 |                37 |     223
   76 |                34 |     224
   77 |                37 |     225
   78 |                27 |     228
   79 |                33 |     229
   80 |                30 |     230
   81 |                37 |     231
   82 |                29 |     232
   83 |                38 |     233
   84 |                38 |     234
   85 |                36 |     235
   86 |                39 |     236
   87 |                28 |     238
   88 |                40 |     239
   89 |                41 |     240
   90 |                29 |     241
   91 |                37 |     242
   92 |                42 |     243
   93 |                43 |     244
   94 |                38 |     246
   95 |                43 |     247
   96 |                44 |     249
   97 |                43 |     250
   98 |                32 |     251
   99 |                28 |     253
  100 |                42 |     254
  101 |                43 |     255
  102 |                38 |     256
  103 |                45 |     257
  104 |                29 |     258
  105 |                32 |     259
  106 |                35 |     261
  107 |                30 |     262
  108 |                29 |     263
  109 |                34 |     264
  110 |                29 |     265
  111 |                28 |     266
  112 |                38 |     268
  113 |                43 |     270
  114 |                32 |     273
  115 |                32 |     274
  116 |                28 |     275
  117 |                38 |     276
  118 |                28 |     278
  119 |                35 |     279
  120 |                46 |     280
  121 |                28 |     281
  122 |                38 |     282
  123 |                38 |     283
  124 |                31 |     285
  125 |                46 |     287
  126 |                29 |     288
  127 |                29 |     291
  128 |                30 |     295
  129 |                44 |     296
  130 |                29 |     297
  131 |                29 |     299
  132 |                39 |     300
  133 |                31 |     302
  134 |                37 |     303
  135 |                36 |     305
  136 |                33 |     307
  137 |                47 |     308
  138 |                32 |     309
  139 |                39 |     311
  140 |                35 |     313
  141 |                28 |     314
  142 |                48 |     315
  143 |                35 |     317
  144 |                29 |     319
  145 |                40 |     320
  146 |                40 |     321
  147 |                35 |     322
  148 |                29 |     323
  149 |                49 |     328
  150 |                38 |     330
  151 |                38 |     331
  152 |                29 |     332
  153 |                29 |     333
  154 |                32 |     334
  155 |                40 |     335
  156 |                28 |     336
  157 |                29 |     337
  158 |                29 |     338
  159 |                29 |     339
  160 |                29 |     341
  161 |                45 |     344
  162 |                41 |     345
  163 |                35 |     346
  164 |                28 |     352
  165 |                36 |     354
  166 |                39 |     355
  167 |                29 |     356
  168 |                30 |     357
  169 |                35 |     358
  170 |                50 |     364
  171 |                35 |     365
  172 |                41 |     366
  173 |                51 |     367
  174 |                35 |     368
  175 |                50 |     369
  176 |                28 |     370
  177 |                30 |     373
  178 |                45 |     375
  179 |                34 |     376
  180 |                30 |     377
  181 |                29 |     378
  182 |                41 |     379
  183 |                32 |     381
  184 |                32 |     382
  185 |                51 |     383
  186 |                32 |     384
  187 |                43 |     385
  188 |                33 |     387
  189 |                30 |     389
  190 |                31 |     390
  191 |                38 |     391
  192 |                21 |     392
  193 |                30 |     393
  194 |                27 |     395
  195 |                29 |     396
  196 |                43 |     397
  197 |                37 |     399
  198 |                37 |     400
  199 |                32 |     401
  200 |                45 |     402
  201 |                50 |     404
  202 |                28 |     405
  203 |                38 |     406
  204 |                43 |     408
  205 |                29 |     409
  206 |                42 |     410
  207 |                27 |     411
  208 |                51 |     412
  209 |                40 |     414
  210 |                40 |     415
  211 |                30 |     417
  212 |                32 |     418
  213 |                33 |     419
  214 |                41 |     420
  215 |                31 |     422
  216 |                32 |     423
  217 |                28 |     424
  218 |                33 |     425
  219 |                29 |     426
  220 |                28 |     427
  221 |                28 |     428
  222 |                43 |     429
  223 |                27 |     430
  224 |                38 |     432
  225 |                46 |     434
  226 |                43 |     435
  227 |                40 |     436
  228 |                38 |     437
  229 |                43 |     440
  230 |                35 |     441
  231 |                30 |     442
  232 |                37 |     444
  233 |                28 |     446
  234 |                41 |     448
  235 |                43 |     449
  236 |                46 |     450
  237 |                31 |     451
  238 |                32 |     452
  239 |                46 |     453
  240 |                32 |     454
  241 |                46 |     455
  242 |                31 |     456
  243 |                41 |     457
  244 |                51 |     458
  245 |                43 |     459
  246 |                34 |     460
  247 |                30 |     461
  248 |                29 |     462
  249 |                38 |     463
  250 |                34 |     465
  251 |                30 |     466
  252 |                29 |     467
  253 |                33 |     468
  254 |                38 |     469
  255 |                34 |     470
  256 |                28 |     471
  257 |                39 |     472
  258 |                45 |     473
  259 |                28 |     474
  260 |                33 |     475
  261 |                38 |     476
  262 |                29 |     477
  263 |                36 |     478
  264 |                30 |     479
  265 |                36 |     481
  266 |                35 |     482
  267 |                31 |     483
  268 |                36 |    8567
  269 |                38 |     484
  270 |                45 |     485
  271 |                29 |     486
  272 |                51 |     487
  273 |                37 |     490
  274 |                38 |     491
  275 |                36 |     492
  276 |                31 |     493
  277 |                49 |     496
  278 |                34 |     497
  279 |                29 |     498
  280 |                37 |     499
  281 |                41 |     500
  282 |                37 |     501
  283 |                31 |     502
  284 |                30 |     503
  285 |                29 |     504
  286 |                49 |     507
  287 |                49 |     508
  288 |                27 |     511
  289 |                39 |     513
  290 |                41 |     514
  291 |                49 |     515
  292 |                29 |     518
  293 |                28 |     521
  294 |                37 |     522
  295 |                43 |     523
  296 |                37 |     526
  297 |                31 |     527
  298 |                37 |     528
  299 |                37 |     529
  300 |                35 |     530
  301 |                27 |     531
  302 |                38 |     534
  303 |                28 |     535
  304 |                32 |     538
  305 |                35 |     539
  306 |                46 |     540
  307 |                27 |     541
  308 |                29 |     542
  309 |                32 |     544
  310 |                42 |     547
  311 |                39 |     548
  312 |                48 |     549
  313 |                37 |     550
  314 |                37 |     552
  315 |                29 |     554
  316 |                31 |     555
  317 |                52 |     560
  318 |                53 |     561
  319 |                54 |     562
  320 |                55 |     563
  321 |                54 |     564
  322 |                53 |     565
  323 |                53 |     566
  324 |                56 |     569
  325 |                52 |     570
  326 |                57 |     574
  327 |                58 |     576
  328 |                52 |     577
  329 |                53 |     579
  330 |                54 |     580
  331 |                53 |     583
  332 |                59 |     585
  333 |                54 |     589
  334 |                52 |     591
  335 |                53 |     592
  336 |                59 |     595
  337 |                53 |     597
  338 |                53 |     600
  339 |                53 |     602
  340 |                55 |     603
  341 |                55 |     604
  342 |                59 |     605
  343 |                57 |     606
  344 |                56 |     613
  345 |                54 |     617
  346 |                52 |     618
  347 |                58 |     619
  348 |                57 |     624
  349 |                54 |     625
  350 |                53 |     627
  351 |                53 |     628
  352 |                60 |     629
  353 |                61 |     630
  354 |                62 |     631
  355 |                63 |     632
  356 |                60 |     633
  357 |                61 |     634
  358 |                60 |     636
  359 |                60 |     637
  360 |                60 |     638
  361 |                60 |     639
  362 |                64 |     640
  363 |                62 |     641
  364 |                60 |     642
  365 |                60 |     643
  366 |                60 |     644
  367 |                62 |     645
  368 |                63 |     646
  369 |                64 |     647
  370 |                60 |     648
  371 |                62 |     649
  372 |                64 |     650
  373 |                64 |     651
  374 |                62 |     652
  375 |                64 |     653
  376 |                65 |     654
  377 |                64 |     655
  378 |                65 |     656
  379 |                64 |     657
  380 |                62 |     658
  381 |                64 |     659
  382 |                60 |     661
  383 |                60 |     662
  384 |                60 |     666
  385 |                63 |     667
  386 |                61 |     669
  387 |                60 |     670
  388 |                65 |     671
  389 |                63 |     672
  390 |                63 |     674
  391 |                64 |     675
  392 |                60 |     676
  393 |                60 |     677
  394 |                62 |     678
  395 |                61 |     679
  396 |                64 |     680
  397 |                62 |     681
  398 |                65 |     682
  399 |                60 |     683
  400 |                60 |     684
  401 |                60 |     685
  402 |                66 |     687
  403 |                67 |     688
  404 |                67 |     692
  405 |                67 |     693
  406 |                66 |     694
  407 |                67 |     697
  408 |                68 |    9091
  409 |                69 |     699
  410 |                70 |     701
  411 |                71 |     702
  412 |                72 |     704
  413 |                73 |     706
  414 |                74 |     709
  415 |                75 |     712
  416 |                73 |     713
  417 |                76 |     716
  418 |                76 |     717
  419 |                75 |     720
  420 |                75 |     721
  421 |                77 |     724
  422 |                71 |     725
  423 |                78 |     726
  424 |                72 |     727
  425 |                79 |     729
  426 |                72 |     730
  427 |                79 |     731
  428 |                76 |     733
  429 |                73 |     736
  430 |                70 |     737
  431 |                77 |     738
  432 |                73 |     739
  433 |                73 |     740
  434 |                80 |     743
  435 |                81 |     744
  436 |                77 |     745
  437 |                82 |     747
  438 |                77 |     748
  439 |                83 |     750
  440 |                84 |     754
  441 |                70 |     755
  442 |                70 |     756
  443 |                85 |     758
  444 |                84 |     759
  445 |                84 |     760
  446 |                69 |     761
  447 |                86 |     764
  448 |                79 |     765
  449 |                85 |     768
  450 |                71 |     769
  451 |                76 |     771
  452 |                73 |     773
  453 |                86 |     774
  454 |                69 |     778
  455 |                84 |    5858
  456 |                73 |     779
  457 |                87 |     781
  458 |                75 |     782
  459 |                82 |     783
  460 |                82 |     784
  461 |                73 |     788
  462 |                81 |     789
  463 |                70 |     790
  464 |                82 |     793
  465 |                85 |     794
  466 |                83 |     795
  467 |                69 |     796
  468 |                79 |     799
  469 |                70 |     800
  470 |                69 |     801
  471 |                78 |     802
  472 |                85 |     805
  473 |                85 |     806
  474 |                78 |     807
  475 |                76 |     808
  476 |                88 |     809
  477 |                88 |     810
  478 |                81 |     811
  479 |                76 |     813
  480 |                77 |     815
  481 |                70 |     816
  482 |                89 |     817
  483 |                89 |     820
  484 |                76 |     821
  485 |                90 |     822
  486 |                76 |     823
  487 |                79 |     824
  488 |                73 |     825
  489 |                91 |     826
  490 |                83 |     831
  491 |                92 |     836
  492 |                74 |     837
  493 |                83 |     838
  494 |                75 |     839
  495 |                91 |     840
  496 |                85 |     843
  497 |                69 |     845
  498 |                71 |     846
  499 |                69 |     847
  500 |                70 |     848
  501 |                93 |     855
  502 |                94 |     859
  503 |                94 |    9092
  504 |                95 |     861
  505 |                94 |     862
  506 |                96 |     869
  507 |                93 |     870
  508 |                97 |     871
  509 |                94 |     893
  510 |                93 |     899
  511 |                94 |     902
  512 |                94 |     906
  513 |                98 |     908
  514 |                95 |     914
  515 |                96 |     926
  516 |                94 |     928
  517 |                94 |     929
  518 |                99 |     932
  519 |                93 |     935
  520 |                94 |     936
  521 |                94 |     937
  522 |                97 |     939
  523 |                94 |     941
  524 |                94 |     945
  525 |               100 |     947
  526 |                94 |     948
  527 |               100 |     950
  528 |                99 |     953
  529 |               101 |     954
  530 |                98 |     957
  531 |                93 |     960
  532 |               101 |     964
  533 |                94 |     965
  534 |                94 |     968
  535 |                94 |     969
  536 |                93 |     970
  537 |                94 |     978
  538 |               100 |     980
  539 |                94 |     981
  540 |                97 |     986
  541 |               102 |     992
  542 |               103 |     993
  543 |               103 |     994
  544 |               104 |     995
  545 |               102 |     996
  546 |               102 |     997
  547 |               105 |     998
  548 |               103 |     999
  549 |               106 |    1000
  550 |               104 |    1001
  551 |               105 |    1002
  552 |               104 |    1003
  553 |               105 |    1004
  554 |               106 |    1005
  555 |               105 |    1006
  556 |               102 |    1007
  557 |               107 |    1009
  558 |               107 |    1020
  559 |               107 |    1022
  560 |               108 |    1030
  561 |               108 |    1031
  562 |               109 |    1032
  563 |               109 |    1034
  564 |               108 |    1036
  565 |               108 |    1037
  566 |               108 |    1038
  567 |               108 |    1039
  568 |               108 |    1040
  569 |               108 |    1041
  570 |               108 |    1043
  571 |               110 |    1045
  572 |               108 |    1047
  573 |               111 |    1048
  574 |               108 |    1051
  575 |               112 |    1052
  576 |               109 |    1055
  577 |               108 |    1056
  578 |               112 |    1057
  579 |               108 |    1058
  580 |               113 |    1061
  581 |               109 |    1063
  582 |               108 |    1064
  583 |               108 |    1066
  584 |               114 |    1068
  585 |               115 |    1069
  586 |               108 |    1073
  587 |               108 |    1074
  588 |               108 |    1075
  589 |               109 |    1076
  590 |               112 |    1077
  591 |               109 |    1079
  592 |               108 |    1083
  593 |               108 |    1085
  594 |               108 |    1086
  595 |               113 |    1087
  596 |               112 |    1088
  597 |               113 |    1090
  598 |               111 |    1091
  599 |               113 |    1093
  600 |               108 |    1094
  601 |               108 |    1095
  602 |               108 |    1096
  603 |               111 |    1098
  604 |               113 |    1100
  605 |               108 |    1101
  606 |               111 |    1102
  607 |               113 |    1105
  608 |               113 |    1107
  609 |               108 |    1108
  610 |               108 |    1110
  611 |               111 |    1115
  612 |               109 |    1118
  613 |               111 |    1121
  614 |               109 |    1125
  615 |               108 |    1126
  616 |               113 |    1128
  617 |               108 |    1129
  618 |               116 |    1131
  619 |               108 |    1132
  620 |               113 |    1133
  621 |               113 |    1134
  622 |               112 |    1135
  623 |               108 |    1136
  624 |               109 |    1137
  625 |               108 |    1143
  626 |               109 |    1145
  627 |               115 |    1147
  628 |               113 |    1149
  629 |               109 |    1153
  630 |               114 |    1157
  631 |               108 |    1159
  632 |               108 |    1160
  633 |               108 |    1161
  634 |               108 |    1162
  635 |               108 |    1165
  636 |               109 |    1166
  637 |               109 |    1167
  638 |               117 |    1168
  639 |               111 |    1173
  640 |               118 |    1176
  641 |               113 |    1178
  642 |               108 |    1179
  643 |               108 |    1181
  644 |               113 |    1185
  645 |               108 |    1186
  646 |               108 |    1187
  647 |               113 |    1188
  648 |               108 |    1189
  649 |               108 |    1190
  650 |               119 |    1198
  651 |               120 |    1200
  652 |               121 |    1208
  653 |               119 |    1209
  654 |               122 |    1210
  655 |               123 |    1214
  656 |               111 |    1218
  657 |               119 |    1223
  658 |               120 |    1225
  659 |               111 |    1236
  660 |               123 |    1238
  661 |               123 |    1254
  662 |               111 |    1256
  663 |               124 |    1261
  664 |               125 |    1266
  665 |               126 |    1268
  666 |               127 |    1271
  667 |               128 |    1272
  668 |               125 |    1279
  669 |               129 |    1280
  670 |               127 |    1281
  671 |               126 |    1283
  672 |               125 |    1285
  673 |               128 |    1289
  674 |               130 |    1295
  675 |               125 |    1300
  676 |               131 |    1318
  677 |               125 |    1322
  678 |               128 |    1325
  679 |               125 |    1328
  680 |               132 |    1357
  681 |               132 |    1358
  682 |               132 |    1361
  683 |               132 |    1362
  684 |               132 |    1366
  685 |               132 |    1368
  686 |               132 |    1370
  687 |               132 |    1375
  688 |               133 |    1380
  689 |               134 |    1384
  690 |               120 |    1386
  691 |               134 |    1393
  692 |               134 |    1396
  693 |               134 |    1400
  694 |               134 |    1401
  695 |               134 |    1403
  696 |               134 |    1412
  697 |               135 |    1418
  698 |               120 |    1421
  699 |               134 |    1429
  700 |               120 |    1441
  701 |               136 |    1449
  702 |               137 |    1450
  703 |               138 |    1453
  704 |               139 |    1457
  705 |               140 |    1462
  706 |               140 |    1464
  707 |               140 |    1467
  708 |               139 |    1469
  709 |               141 |    1470
  710 |               142 |    1471
  711 |               140 |    1473
  712 |               143 |    1474
  713 |               140 |    1478
  714 |               136 |    1480
  715 |               143 |    1481
  716 |               139 |    1483
  717 |               137 |    1484
  718 |               138 |    1485
  719 |               141 |    1486
  720 |               143 |    1490
  721 |               140 |    1491
  722 |               144 |    1492
  723 |               145 |    1494
  724 |               145 |    1495
  725 |               144 |    1496
  726 |               146 |    1497
  727 |               145 |    1499
  728 |               144 |    1500
  729 |               145 |    1501
  730 |               145 |    1503
  731 |               144 |    1504
  732 |               147 |    1506
  733 |               146 |    1507
  734 |               146 |    1508
  735 |               146 |    1509
  736 |               146 |    1510
  737 |               147 |    1512
  738 |               146 |    1513
  739 |               147 |    1514
  740 |               148 |    1515
  741 |               149 |    1516
  742 |               150 |    1517
  743 |               151 |    1518
  744 |               148 |    1519
  745 |               148 |    1520
  746 |               152 |    1521
  747 |                68 |    1522
  748 |               151 |    1523
  749 |               153 |    1524
  750 |               152 |    1526
  751 |               151 |    1527
  752 |                68 |    1529
  753 |               154 |    1530
  754 |               152 |    1531
  755 |               150 |    1532
  756 |               155 |    1534
  757 |               152 |    1535
  758 |               148 |    1537
  759 |               150 |    1538
  760 |                67 |    1539
  761 |               150 |    1540
  762 |               156 |    1542
  763 |               152 |    1544
  764 |               152 |    1545
  765 |               151 |    1546
  766 |               152 |    1548
  767 |               151 |    1549
  768 |               156 |    1550
  769 |               150 |    1553
  770 |               148 |    1554
  771 |               152 |    1555
  772 |               150 |    1556
  773 |               152 |    1558
  774 |               152 |    1559
  775 |               153 |    1561
  776 |               151 |    1562
  777 |               154 |    1563
  778 |               157 |    1565
  779 |               151 |    1566
  780 |                68 |    1567
  781 |               154 |    1568
  782 |               148 |    1569
  783 |               151 |    1570
  784 |               152 |    1571
  785 |               153 |    1572
  786 |               152 |    1573
  787 |               154 |    1574
  788 |                68 |    1576
  789 |               152 |    1578
  790 |               154 |    1580
  791 |               152 |    1581
  792 |               151 |    1584
  793 |               158 |    1585
  794 |               159 |    1587
  795 |               160 |    1588
  796 |               161 |    1589
  797 |               162 |    1590
  798 |               163 |    1591
  799 |               163 |    1592
  800 |               164 |    1593
  801 |               160 |    1594
  802 |               158 |    1595
  803 |               165 |    1597
  804 |               166 |    1598
  805 |               158 |    1599
  806 |               165 |    1600
  807 |               158 |    1601
  808 |               163 |    1602
  809 |               158 |    1603
  810 |               158 |    1604
  811 |               166 |    1605
  812 |               160 |    1606
  813 |               158 |    1607
  814 |               159 |    1608
  815 |               163 |    1609
  816 |               164 |    1610
  817 |               165 |    1611
  818 |               167 |    1612
  819 |               166 |    1613
  820 |               166 |    1615
  821 |               161 |    1616
  822 |               163 |    1617
  823 |               161 |    1618
  824 |               168 |    1620
  825 |               159 |    1622
  826 |               160 |    1623
  827 |               159 |    1624
  828 |               169 |    1625
  829 |               166 |    1626
  830 |               168 |    1627
  831 |               163 |    1629
  832 |               160 |    1630
  833 |               158 |    1631
  834 |               161 |    1632
  835 |               169 |    1633
  836 |               158 |    1634
  837 |               160 |    1635
  838 |               170 |    1636
  839 |               161 |    1637
  840 |               163 |    1638
  841 |               165 |    1639
  842 |               170 |    1640
  843 |               163 |    1641
  844 |               168 |    1642
  845 |               160 |    1643
  846 |               161 |    1644
  847 |               160 |    1645
  848 |               170 |    1646
  849 |               159 |    1647
  850 |               169 |    1648
  851 |               170 |    1649
  852 |               165 |    1650
  853 |               164 |    1651
  854 |               168 |    1652
  855 |               161 |    1653
  856 |               170 |    1654
  857 |               166 |    1655
  858 |               165 |    1656
  859 |               170 |    1657
  860 |               158 |    1658
  861 |               165 |    1659
  862 |               164 |    1660
  863 |               166 |    1661
  864 |               164 |    1662
  865 |               171 |    1663
  866 |               161 |    1664
  867 |               169 |    1665
  868 |               170 |    1666
  869 |               158 |    1667
  870 |               166 |    1668
  871 |               159 |    1669
  872 |               165 |    1670
  873 |               162 |    1671
  874 |               170 |    1672
  875 |               170 |    1673
  876 |               160 |    1674
  877 |               164 |    1675
  878 |               163 |    1676
  879 |               163 |    1677
  880 |               159 |    1678
  881 |               166 |    1679
  882 |               169 |    1680
  883 |               168 |    1683
  884 |               164 |    1684
  885 |               162 |    1685
  886 |               172 |    1687
  887 |               173 |    1689
  888 |               174 |    1690
  889 |               175 |    1693
  890 |               175 |    1698
  891 |               174 |    1699
  892 |               174 |    1700
  893 |               176 |    1701
  894 |               175 |    1702
  895 |               177 |    1704
  896 |               178 |    1705
  897 |               179 |    1707
  898 |               176 |    1708
  899 |               176 |    1710
  900 |               172 |    1715
  901 |               172 |    1716
  902 |               180 |    1719
  903 |               179 |    1721
  904 |               177 |    1722
  905 |               175 |    1724
  906 |               176 |    1725
  907 |               177 |    1726
  908 |               178 |    1728
  909 |               178 |    1729
  910 |               176 |    1732
  911 |               180 |    1750
  912 |               179 |    1752
  913 |               176 |    1754
  914 |               174 |    1755
  915 |               179 |    1771
  916 |               179 |    1772
  917 |               180 |    1773
  918 |               176 |    1774
  919 |               176 |    1775
  920 |               179 |    1776
  921 |               174 |    1777
  922 |               181 |    1779
  923 |               172 |    1782
  924 |               175 |    1785
  925 |               172 |    1792
  926 |               172 |    1793
  927 |               174 |    1794
  928 |               172 |    1797
  929 |               182 |    1799
  930 |               174 |    1801
  931 |               174 |    1802
  932 |               174 |    1803
  933 |               182 |    1808
  934 |               178 |    1810
  935 |               173 |    1811
  936 |               183 |    1821
  937 |               183 |    1822
  938 |               184 |    1829
  939 |               183 |    1830
  940 |               183 |    1836
  941 |               183 |    1840
  942 |               183 |    1844
  943 |               185 |    1845
  944 |               183 |    1851
  945 |               186 |    1855
  946 |               183 |    1858
  947 |               187 |    1868
  948 |               188 |    1872
  949 |               187 |    1877
  950 |               188 |    1879
  951 |               187 |    1884
  952 |               188 |    1889
  953 |               187 |    1899
  954 |               188 |    1901
  955 |               188 |    1903
  956 |               132 |    1914
  957 |               189 |    1919
  958 |               190 |    1920
  959 |               191 |    1924
  960 |               190 |    1925
  961 |               190 |    1930
  962 |               190 |    1933
  963 |               190 |    1939
  964 |               132 |    1941
  965 |               191 |    1943
  966 |               132 |    1944
  967 |               192 |    1948
  968 |               132 |    1950
  969 |               132 |    1951
  970 |               190 |    1956
  971 |               190 |    1966
  972 |               192 |    1968
  973 |               132 |    1972
  974 |               190 |    1977
  975 |               190 |    1978
  976 |               190 |    1982
  977 |               190 |    1983
  978 |               193 |    1988
  979 |               194 |    1997
  980 |               194 |    1999
  981 |               194 |    2004
  982 |               194 |    2005
  983 |               194 |    2012
  984 |               194 |    2016
  985 |               127 |    2021
  986 |               195 |    2034
  987 |               127 |    2039
  988 |                49 |    2049
  989 |                49 |    2053
  990 |               196 |    2054
  991 |                49 |    2055
  992 |               196 |    2056
  993 |                49 |    2059
  994 |               196 |    2060
  995 |               197 |    2061
  996 |               197 |    2062
  997 |               198 |    2064
  998 |               198 |    2065
  999 |               198 |    2066
 1000 |               147 |    2067
 1001 |               147 |    2068
 1002 |               199 |    2070
 1003 |               199 |    2071
 1004 |               198 |    2073
 1005 |               198 |    2074
 1006 |               200 |    2077
 1007 |               199 |    2078
 1008 |               199 |    2079
 1009 |               198 |    2080
 1010 |               198 |    2082
 1011 |               198 |    2083
 1012 |               199 |    2085
 1013 |               199 |    2086
 1014 |               147 |    2087
 1015 |               160 |    2089
 1016 |               200 |    2092
 1017 |               201 |    2094
 1018 |               202 |    2095
 1019 |               201 |    2096
 1020 |               203 |    2097
 1021 |               203 |    2098
 1022 |               204 |    2099
 1023 |               203 |    2101
 1024 |               201 |    2103
 1025 |               205 |    2104
 1026 |               203 |    2105
 1027 |               206 |    2106
 1028 |               204 |    2107
 1029 |               203 |    2108
 1030 |               205 |    2109
 1031 |               203 |    2110
 1032 |               207 |    2113
 1033 |               207 |    2114
 1034 |               203 |    2115
 1035 |               206 |    2116
 1036 |               205 |    2117
 1037 |               208 |    2118
 1038 |               203 |    2119
 1039 |               201 |    2120
 1040 |               205 |    2121
 1041 |               209 |    2122
 1042 |               209 |    2123
 1043 |               210 |    2124
 1044 |               206 |    2126
 1045 |               209 |    2127
 1046 |               208 |    2128
 1047 |               204 |    2130
 1048 |               209 |    2131
 1049 |               205 |    2133
 1050 |               209 |    2134
 1051 |               208 |    2136
 1052 |               207 |    2137
 1053 |               203 |    2138
 1054 |               205 |    2139
 1055 |               203 |    2140
 1056 |               205 |    2141
 1057 |               203 |    2142
 1058 |               211 |    2143
 1059 |               203 |    2144
 1060 |               206 |    2145
 1061 |               208 |    2146
 1062 |               205 |    2147
 1063 |               202 |    2148
 1064 |               204 |    2150
 1065 |               201 |    2151
 1066 |               208 |    2152
 1067 |               201 |    2153
 1068 |               207 |    2154
 1069 |               207 |    2155
 1070 |               202 |    2156
 1071 |               206 |    2157
 1072 |               206 |    2158
 1073 |               212 |    2159
 1074 |               207 |    2160
 1075 |               204 |    2161
 1076 |               208 |    2162
 1077 |               203 |    2163
 1078 |               203 |    2164
 1079 |               205 |    2165
 1080 |               205 |    2167
 1081 |               209 |    2168
 1082 |               202 |    2169
 1083 |               206 |    2170
 1084 |                67 |    2172
 1085 |               203 |    2175
 1086 |               207 |    2176
 1087 |               201 |    2177
 1088 |               210 |    2178
 1089 |               207 |    2179
 1090 |               203 |    2180
 1091 |               202 |    2181
 1092 |               208 |    2182
 1093 |               209 |    2183
 1094 |               209 |    2184
 1095 |               204 |    2186
 1096 |               205 |    2187
 1097 |               209 |    2188
 1098 |               202 |    2189
 1099 |               205 |    2193
 1100 |               201 |    2194
 1101 |               203 |    2195
 1102 |               203 |    2196
 1103 |               203 |    2198
 1104 |               203 |    2199
 1105 |               205 |    2200
 1106 |                67 |    2201
 1107 |               209 |    2202
 1108 |               211 |    2204
 1109 |               210 |    2205
 1110 |               207 |    2206
 1111 |               201 |    2207
 1112 |               210 |    2209
 1113 |               205 |    2210
 1114 |               208 |    2211
 1115 |               205 |    2212
 1116 |               203 |    2213
 1117 |               206 |    2214
 1118 |               201 |    2215
 1119 |               203 |    2217
 1120 |               204 |    2218
 1121 |               202 |    2219
 1122 |               207 |    2220
 1123 |               213 |    2222
 1124 |               213 |    2224
 1125 |               213 |    2242
 1126 |               214 |    2245
 1127 |               215 |    2246
 1128 |               216 |    2253
 1129 |               217 |    2256
 1130 |               218 |    2257
 1131 |               219 |    2259
 1132 |               218 |    2263
 1133 |               220 |    2264
 1134 |               221 |    2266
 1135 |               222 |    2267
 1136 |               223 |    2271
 1137 |               222 |    2272
 1138 |               224 |    2275
 1139 |               219 |    2276
 1140 |               218 |    2284
 1141 |               218 |    2287
 1142 |               220 |    2289
 1143 |               220 |    2290
 1144 |               221 |    2291
 1145 |               219 |    2292
 1146 |               218 |    2294
 1147 |               217 |    2296
 1148 |               225 |    2298
 1149 |               220 |    2299
 1150 |               221 |    2300
 1151 |               219 |    2301
 1152 |               224 |    2303
 1153 |               218 |    2304
 1154 |               220 |    2306
 1155 |               220 |    2307
 1156 |               222 |    2309
 1157 |               220 |    2310
 1158 |               226 |    2311
 1159 |               224 |    2312
 1160 |               222 |    2313
 1161 |               220 |    2314
 1162 |               221 |    2315
 1163 |               225 |    2316
 1164 |               220 |    2317
 1165 |               221 |    2319
 1166 |               220 |    2322
 1167 |               221 |    2323
 1168 |               227 |    2324
 1169 |               218 |    2325
 1170 |               224 |    2329
 1171 |               226 |    2330
 1172 |               216 |    2332
 1173 |               219 |    2334
 1174 |               223 |    2336
 1175 |               220 |    2337
 1176 |               218 |    2339
 1177 |               221 |    2342
 1178 |               220 |    2343
 1179 |               224 |    2344
 1180 |               217 |    2346
 1181 |               228 |    2347
 1182 |               224 |    2348
 1183 |               229 |    2349
 1184 |               217 |    2350
 1185 |               223 |    2351
 1186 |               224 |    2352
 1187 |               222 |    2354
 1188 |               220 |    2355
 1189 |               220 |    2357
 1190 |               228 |    2360
 1191 |               229 |    2361
 1192 |               228 |    2366
 1193 |               225 |    2368
 1194 |               220 |    2369
 1195 |               217 |    2371
 1196 |               224 |    2373
 1197 |               217 |    2374
 1198 |               226 |    2375
 1199 |               221 |    2377
 1200 |               225 |    2378
 1201 |               229 |    2379
 1202 |               221 |    2380
 1203 |               220 |    2381
 1204 |               217 |    2382
 1205 |               226 |    2383
 1206 |               224 |    2384
 1207 |               216 |    2385
 1208 |               218 |    2387
 1209 |               228 |    2388
 1210 |               220 |    2391
 1211 |               219 |    2392
 1212 |               217 |    2393
 1213 |               222 |    2394
 1214 |               229 |    2397
 1215 |               225 |    2401
 1216 |               217 |    2408
 1217 |               225 |    2409
 1218 |               220 |    2410
 1219 |               217 |    2411
 1220 |               218 |    2412
 1221 |               220 |    2413
 1222 |               218 |    2414
 1223 |               221 |    2415
 1224 |               217 |    2416
 1225 |               230 |    2419
 1226 |               231 |    2420
 1227 |               232 |    2429
 1228 |               233 |    2431
 1229 |               233 |    2436
 1230 |               234 |    2437
 1231 |               235 |    2438
 1232 |               232 |    2441
 1233 |               236 |    5204
 1234 |               236 |    2446
 1235 |               230 |    2448
 1236 |               232 |    2453
 1237 |               233 |    2454
 1238 |               237 |    2456
 1239 |               234 |    2462
 1240 |               237 |    2463
 1241 |               235 |    2466
 1242 |               233 |    2468
 1243 |               238 |    2474
 1244 |               233 |    2482
 1245 |               235 |    2485
 1246 |               231 |    2486
 1247 |               232 |    2488
 1248 |               238 |    2491
 1249 |               233 |    2496
 1250 |               232 |    2498
 1251 |               234 |    2515
 1252 |               232 |    2521
 1253 |               239 |    2527
 1254 |               240 |    2529
 1255 |               239 |    2530
 1256 |               185 |    2536
 1257 |               185 |    2544
 1258 |               241 |    2545
 1259 |               241 |    2551
 1260 |               242 |    2553
 1261 |               242 |    2558
 1262 |               243 |    2562
 1263 |               241 |    2563
 1264 |               134 |    2566
 1265 |               242 |    2568
 1266 |               243 |    2570
 1267 |               241 |    2571
 1268 |               244 |    2572
 1269 |               243 |    2576
 1270 |               242 |    2577
 1271 |               242 |    2578
 1272 |               244 |    2579
 1273 |               244 |    2580
 1274 |               134 |    2581
 1275 |               245 |    2586
 1276 |               243 |    2588
 1277 |               243 |    2589
 1278 |               246 |    2595
 1279 |               241 |    2596
 1280 |               242 |    2597
 1281 |               241 |    2600
 1282 |               241 |    2606
 1283 |               247 |    2608
 1284 |               134 |    2611
 1285 |               246 |    2612
 1286 |               242 |    2614
 1287 |               244 |    2615
 1288 |               248 |    2617
 1289 |               134 |    2618
 1290 |               242 |    2629
 1291 |               246 |    2630
 1292 |               248 |    2631
 1293 |               246 |    2632
 1294 |               242 |    2634
 1295 |               246 |    2635
 1296 |               243 |    2636
 1297 |               243 |    2640
 1298 |               246 |    2642
 1299 |               248 |    2644
 1300 |               242 |    2647
 1301 |               241 |    2650
 1302 |               241 |    2651
 1303 |               242 |    2652
 1304 |               246 |    2658
 1305 |               241 |    2660
 1306 |               241 |    2661
 1307 |               134 |    2667
 1308 |               242 |    2668
 1309 |               242 |    2669
 1310 |               242 |    2670
 1311 |               245 |    2673
 1312 |               249 |    2681
 1313 |               250 |    2682
 1314 |               249 |    2689
 1315 |               249 |    2704
 1316 |               250 |    2714
 1317 |               250 |    2719
 1318 |               251 |    2725
 1319 |               252 |    2727
 1320 |               251 |    2732
 1321 |               252 |    2733
 1322 |               253 |    2739
 1323 |               251 |    2742
 1324 |               252 |    2743
 1325 |               252 |    2744
 1326 |               252 |    2749
 1327 |               251 |    2754
 1328 |               252 |    2760
 1329 |               253 |    2767
 1330 |               252 |    2771
 1331 |               254 |    2778
 1332 |               255 |    2779
 1333 |               256 |    2780
 1334 |               257 |    2782
 1335 |               204 |    2783
 1336 |               258 |    2785
 1337 |               259 |    2786
 1338 |               254 |    2787
 1339 |               257 |    2789
 1340 |               254 |    2790
 1341 |               259 |    2791
 1342 |               260 |    2793
 1343 |               261 |    2795
 1344 |               260 |    2796
 1345 |               259 |    2797
 1346 |               258 |    6520
 1347 |               262 |    2798
 1348 |               256 |    2800
 1349 |               263 |    2801
 1350 |               258 |    2803
 1351 |               259 |    2804
 1352 |               259 |    2805
 1353 |               264 |    2806
 1354 |               258 |    2809
 1355 |               256 |    2810
 1356 |               256 |    2812
 1357 |               255 |    2814
 1358 |               256 |    2815
 1359 |               254 |    2816
 1360 |               260 |    2818
 1361 |               204 |    2820
 1362 |               258 |    2821
 1363 |               204 |    2822
 1364 |               254 |    2823
 1365 |               258 |    2824
 1366 |               256 |    2825
 1367 |               262 |    2827
 1368 |               258 |    2829
 1369 |               265 |    2832
 1370 |               260 |    2835
 1371 |               256 |    2836
 1372 |               260 |    2837
 1373 |               259 |    2838
 1374 |               258 |    2840
 1375 |               260 |    2841
 1376 |               255 |    2844
 1377 |               258 |    2846
 1378 |               258 |    2847
 1379 |               266 |    2848
 1380 |               207 |    2849
 1381 |               265 |    2851
 1382 |               207 |    2853
 1383 |               264 |    2854
 1384 |               266 |    2856
 1385 |               258 |    2858
 1386 |               259 |    2859
 1387 |               260 |    2862
 1388 |               245 |    2863
 1389 |               260 |    2864
 1390 |               266 |    2866
 1391 |               259 |    2868
 1392 |               256 |    2869
 1393 |               266 |    2870
 1394 |               207 |    2871
 1395 |               256 |    2872
 1396 |               245 |    2873
 1397 |               264 |    2874
 1398 |               260 |    2875
 1399 |               265 |    2877
 1400 |               258 |    2878
 1401 |               260 |    2881
 1402 |               204 |    2882
 1403 |               259 |    2884
 1404 |               256 |    2885
 1405 |               258 |    2886
 1406 |               258 |    2887
 1407 |               256 |    2888
 1408 |               254 |    2889
 1409 |               266 |    2890
 1410 |               266 |    2892
 1411 |               256 |    2896
 1412 |               255 |    2898
 1413 |               263 |    2899
 1414 |               256 |    2901
 1415 |               256 |    2902
 1416 |               256 |    2903
 1417 |               259 |    2904
 1418 |               258 |    2905
 1419 |               267 |    2906
 1420 |               261 |    2909
 1421 |               258 |    2910
 1422 |               267 |    2911
 1423 |               258 |    2912
 1424 |               245 |    2913
 1425 |               259 |    2914
 1426 |               256 |    2915
 1427 |               254 |    2916
 1428 |               256 |    2917
 1429 |               264 |    2918
 1430 |               258 |    2919
 1431 |               260 |    2920
 1432 |               171 |    2921
 1433 |               171 |    2922
 1434 |               171 |    2923
 1435 |               171 |    2924
 1436 |               161 |    2925
 1437 |               268 |    2926
 1438 |               268 |    2927
 1439 |               171 |    2928
 1440 |               268 |    2929
 1441 |               161 |    2930
 1442 |               171 |    2931
 1443 |               171 |    2932
 1444 |               171 |    2933
 1445 |               161 |    2935
 1446 |               269 |    2940
 1447 |               270 |    2943
 1448 |               271 |    2944
 1449 |               270 |    2947
 1450 |               272 |    2948
 1451 |               273 |    2949
 1452 |               274 |    2951
 1453 |               233 |    2952
 1454 |               273 |    2956
 1455 |               273 |    2958
 1456 |               269 |    2961
 1457 |               270 |    2962
 1458 |               271 |    2963
 1459 |               270 |    2967
 1460 |               272 |    2968
 1461 |               271 |    2971
 1462 |               272 |    2972
 1463 |               272 |    2973
 1464 |               271 |    2975
 1465 |               272 |    2976
 1466 |               272 |    2978
 1467 |               233 |    2981
 1468 |               273 |    2986
 1469 |               270 |    2992
 1470 |               275 |    2998
 1471 |               275 |    3003
 1472 |               275 |    3004
 1473 |               275 |    3006
 1474 |               275 |    3010
 1475 |               131 |    3015
 1476 |               275 |    3018
 1477 |               275 |    3020
 1478 |               275 |    3021
 1479 |               276 |    3026
 1480 |               277 |    3027
 1481 |               277 |    3032
 1482 |                98 |    3035
 1483 |               278 |    3036
 1484 |               279 |    3042
 1485 |               277 |    3052
 1486 |               280 |    3054
 1487 |               277 |    3056
 1488 |               277 |    3058
 1489 |                98 |    3060
 1490 |               281 |    3067
 1491 |               281 |    3068
 1492 |               276 |    3070
 1493 |               277 |    3071
 1494 |               277 |    3076
 1495 |               279 |    3081
 1496 |               277 |    3087
 1497 |                98 |    3090
 1498 |               280 |    3092
 1499 |               276 |    3093
 1500 |               280 |    3096
 1501 |               277 |    3098
 1502 |               282 |    3109
 1503 |               283 |    3110
 1504 |               282 |    3112
 1505 |               284 |    3116
 1506 |               282 |    3120
 1507 |               285 |    3123
 1508 |               286 |    3127
 1509 |               282 |    3128
 1510 |               287 |    3130
 1511 |               288 |    3133
 1512 |               289 |    3143
 1513 |               290 |    3145
 1514 |               291 |    3147
 1515 |               285 |    3153
 1516 |               292 |    3165
 1517 |               287 |    3166
 1518 |               293 |    3167
 1519 |               282 |    3170
 1520 |               294 |    3175
 1521 |               291 |    3176
 1522 |               283 |    3182
 1523 |               295 |    3184
 1524 |               282 |    3188
 1525 |               291 |    3193
 1526 |               296 |    3194
 1527 |               282 |    3195
 1528 |               297 |    3197
 1529 |               282 |    3198
 1530 |               298 |    3201
 1531 |               298 |    3203
 1532 |               282 |    3204
 1533 |               282 |    3205
 1534 |               289 |    3207
 1535 |               288 |    3209
 1536 |               283 |    3213
 1537 |               292 |    3216
 1538 |               292 |    3217
 1539 |               282 |    3219
 1540 |               282 |    3222
 1541 |               292 |    3227
 1542 |               292 |    3229
 1543 |               296 |    3230
 1544 |               287 |    3232
 1545 |               292 |    3234
 1546 |               292 |    3243
 1547 |               282 |    3244
 1548 |               299 |    3248
 1549 |               300 |    3249
 1550 |               291 |    3254
 1551 |               299 |    3257
 1552 |               282 |    3258
 1553 |               283 |    3259
 1554 |               282 |    3261
 1555 |               301 |    3263
 1556 |               283 |    3266
 1557 |               292 |    3268
 1558 |               302 |    3275
 1559 |               282 |    3277
 1560 |               301 |    3278
 1561 |               283 |    3288
 1562 |               282 |    3290
 1563 |               292 |    3294
 1564 |               282 |    3302
 1565 |               291 |    3305
 1566 |               303 |    3309
 1567 |               285 |    3311
 1568 |               288 |    3315
 1569 |               302 |    3316
 1570 |               288 |    3317
 1571 |               292 |    3318
 1572 |               302 |    3321
 1573 |               294 |    3323
 1574 |               289 |    3328
 1575 |               292 |    3329
 1576 |               292 |    3330
 1577 |               292 |    3332
 1578 |               287 |    3335
 1579 |               303 |    3336
 1580 |                26 |    3337
 1581 |               282 |    3339
 1582 |               292 |    3340
 1583 |               304 |    3347
 1584 |               298 |    3350
 1585 |               292 |    3351
 1586 |               304 |    3358
 1587 |               305 |    3360
 1588 |               306 |    3361
 1589 |               307 |    3364
 1590 |               306 |    3368
 1591 |               308 |    3370
 1592 |               309 |    3371
 1593 |               310 |    3373
 1594 |               305 |    3374
 1595 |               306 |    3376
 1596 |               308 |    3377
 1597 |               306 |    3380
 1598 |               310 |    3381
 1599 |               305 |    3383
 1600 |               308 |    3384
 1601 |               307 |    3385
 1602 |               305 |    3387
 1603 |               311 |    3389
 1604 |               306 |    3390
 1605 |               306 |    3391
 1606 |               306 |    3392
 1607 |               305 |    3393
 1608 |               311 |    3397
 1609 |               312 |    3400
 1610 |               312 |    3403
 1611 |               312 |    3404
 1612 |               312 |    3405
 1613 |               200 |    3406
 1614 |               200 |    3407
 1615 |               200 |    3409
 1616 |               199 |    3411
 1617 |               312 |    3412
 1618 |               312 |    3414
 1619 |               200 |    3415
 1620 |               312 |    3416
 1621 |                68 |    3418
 1622 |                68 |    3420
 1623 |               313 |    3421
 1624 |               313 |    3425
 1625 |               313 |    3426
 1626 |               314 |    3428
 1627 |               315 |    3429
 1628 |               316 |    3436
 1629 |               317 |    3440
 1630 |               313 |    3443
 1631 |               313 |    3444
 1632 |               318 |    3447
 1633 |               315 |    3450
 1634 |               319 |    3452
 1635 |               313 |    3454
 1636 |               313 |    3460
 1637 |               317 |    3462
 1638 |               313 |    3465
 1639 |               313 |    3469
 1640 |               319 |    3475
 1641 |               314 |    3476
 1642 |               314 |    3479
 1643 |               313 |    3483
 1644 |               315 |    3484
 1645 |               316 |    3485
 1646 |               316 |    3489
 1647 |               315 |    3490
 1648 |               313 |    3495
 1649 |               317 |    3496
 1650 |               313 |    3498
 1651 |               314 |    3500
 1652 |               317 |    3502
 1653 |               316 |    3503
 1654 |               313 |    3504
 1655 |               314 |    3505
 1656 |               320 |    3509
 1657 |               317 |    3511
 1658 |               319 |    3514
 1659 |               321 |    3515
 1660 |               322 |    3517
 1661 |               323 |    3520
 1662 |               323 |    3522
 1663 |               323 |    3529
 1664 |               324 |    3530
 1665 |               323 |    3532
 1666 |               322 |    3533
 1667 |               325 |    3541
 1668 |               323 |    3542
 1669 |               323 |    3543
 1670 |               322 |    3544
 1671 |               323 |    3548
 1672 |               323 |    3553
 1673 |               322 |    3556
 1674 |               325 |    3559
 1675 |               322 |    3565
 1676 |               323 |    3566
 1677 |               323 |    3567
 1678 |               325 |    3568
 1679 |               323 |    3570
 1680 |               321 |    3574
 1681 |               322 |    3576
 1682 |               252 |    3578
 1683 |               321 |    3579
 1684 |               324 |    3582
 1685 |               324 |    3583
 1686 |               247 |    3598
 1687 |               247 |    3602
 1688 |               247 |    3609
 1689 |               326 |    3614
 1690 |               327 |    3622
 1691 |               328 |    3623
 1692 |               328 |    3632
 1693 |               329 |    3633
 1694 |               326 |    3638
 1695 |               326 |    3643
 1696 |               326 |    3645
 1697 |               326 |    3648
 1698 |               330 |    3650
 1699 |               330 |    3656
 1700 |               327 |    3657
 1701 |               331 |    3660
 1702 |               326 |    3661
 1703 |               327 |    3662
 1704 |               327 |    3664
 1705 |               332 |    3666
 1706 |               329 |    3667
 1707 |               327 |    3668
 1708 |               333 |    3674
 1709 |               333 |    3678
 1710 |               331 |    3681
 1711 |               331 |    3684
 1712 |               184 |    3692
 1713 |               330 |    3694
 1714 |               327 |    3697
 1715 |               331 |    3700
 1716 |               333 |    3707
 1717 |               334 |    3719
 1718 |               334 |    3729
(1718 rows)

